run ax1 ax2     y bx0 bx1 bx2 bx11 bx22 bx1x2 cx0 cx1 cx2 cx11 cx22 cx1x2
  1   -   - 63.75   1  -1  -1    1    1     1   1  -1  -1   -1   -1     1
  2   0   - 79.45   1   0  -1    0    1     0   1   0  -1    2   -1     0
  3   +   - 91.75   1   1  -1    1    1    -1   1   1  -1   -1   -1    -1
  4   -   0 69.70   1  -1   0    1    0     0   1  -1   0   -1    2     0
  5   0   0 80.75   1   0   0    0    0     0   1   0   0    2    2     0
  6   +   0 73.60   1   1   0    1    0     0   1   1   0   -1    2     0
  7   -   + 67.30   1  -1   1    1    1    -1   1  -1   1   -1   -1    -1
  8   0   + 67.45   1   0   1    0    1     0   1   0   1    2   -1     0
  9   +   + 59.05   1   1   1    1    1     1   1   1   1   -1   -1     1
